0.000000000000000000e+00 0.000000000000000000e+00
3.260869565217391353e-01 6.999999999999999556e-01
6.521739130434782705e-01 8.999999999999999112e-01
9.782608695652174058e-01 1.100000000000000089e+00
1.304347826086956541e+00 8.999999999999999112e-01
1.630434782608695787e+00 1.100000000000000089e+00
1.956521739130434812e+00 8.999999999999999112e-01
2.282608695652173836e+00 1.100000000000000089e+00
2.608695652173913082e+00 8.999999999999999112e-01
2.934782608695652328e+00 1.000000000000000000e+00
3.260869565217391575e+00 1.000000000000000000e+00
3.586956521739130377e+00 1.000000000000000000e+00
3.913043478260869623e+00 1.049999999999999822e+00
4.239130434782608425e+00 1.100000000000000089e+00
4.565217391304347672e+00 1.149999999999999911e+00
4.891304347826086918e+00 1.200000000000000178e+00
5.217391304347826164e+00 1.299999999999999822e+00
5.543478260869565410e+00 1.399999999999999911e+00
5.869565217391304657e+00 1.500000000000000000e+00
6.195652173913043903e+00 1.600000000000000089e+00
6.521739130434783149e+00 1.899999999999999911e+00
6.847826086956521507e+00 2.200000000000000178e+00
7.173913043478260754e+00 2.500000000000000000e+00
7.500000000000000000e+00 2.600000000000000089e+00
7.826086956521739246e+00 2.700000000000000178e+00
8.152173913043478493e+00 2.799999999999999822e+00
8.478260869565216851e+00 2.899999999999999911e+00
8.804347826086956985e+00 3.000000000000000000e+00
9.130434782608695343e+00 3.049999999999999822e+00
9.456521739130435478e+00 3.070000000000000284e+00
9.782608695652173836e+00 3.080000000000000071e+00
1.010869565217391397e+01 3.089999999999999858e+00
1.043478260869565233e+01 3.099999999999999645e+00
1.076086956521739069e+01 3.089999999999999858e+00
1.108695652173913082e+01 3.080000000000000071e+00
1.141304347826086918e+01 3.070000000000000284e+00
1.173913043478260931e+01 3.049999999999999822e+00
1.206521739130434767e+01 3.000000000000000000e+00
1.239130434782608781e+01 2.899999999999999911e+00
1.271739130434782616e+01 2.799999999999999822e+00
1.304347826086956630e+01 2.700000000000000178e+00
1.336956521739130466e+01 2.600000000000000089e+00
1.369565217391304301e+01 2.500000000000000000e+00
1.402173913043478315e+01 2.299999999999999822e+00
1.434782608695652151e+01 2.000000000000000000e+00
1.467391304347826164e+01 1.500000000000000000e+00
1.500000000000000000e+01 0.000000000000000000e+00
